1665.980957
1359.794594
1360.637892
1343.432113
1332.945361
1323.402221
1290.588466
1311.654122
1312.877553
1317.69208
1287.438457
1309.35413
1294.686885
1292.352337
1362.30769
1371.480298
1367.399157
1368.685943
1342.78464
1326.702939
1301.169291
1284.195814
1292.566401
1316.575201
1272.979996
1268.29218
1277.56126
1254.983235
1288.705563
1334.390056
1354.39259
1347.741717
1321.63883
1262.107353
1265.821801
1280.185228
1275.693237
1287.261829
1269.434976
1283.967831
1317.870146
1345.843456
1368.429641
1363.396731
1346.702114
1332.255653
1292.85294
1275.098561
1275.638521
1303.745261
1242.777729
1258.391945
1273.977843
1229.210083
1223.426507
1238.360133
1245.454973
1277.868438
1299.39246
1337.165212
